((10, 1), (11, 1)) : (7, 7)
((13, 13), (13, 14)) : (4, 6)
((0, 20), (1, 20)) : (4, 7)
((27, 8), (27, 9)) : (1, 1)
((6, 2), (6, 3)) : (0, 7)
((22, 13), (22, 14)) : (0, 2)
((2, 0), (2, 1)) : (5, 8)
((12, 17), (12, 18)) : (1, 9)
((13, 9), (14, 9)) : (3, 7)
((2, 7), (2, 8)) : (4, 7)
((15, 14), (15, 15)) : (3, 7)
((2, 20), (2, 21)) : (4, 8)
((10, 11), (11, 11)) : (0, 8)
((20, 15), (20, 16)) : (0, 6)
((18, 10), (19, 10)) : (2, 7)
((0, 18), (0, 19)) : (5, 6)
((25, 8), (25, 9)) : (1, 3)
((19, 21), (20, 21)) : (7, 8)
((24, 5), (24, 6)) : (2, 2)
((4, 4), (4, 5)) : (0, 5)
((5, 9), (5, 10)) : (6, 8)
((11, 2), (11, 3)) : (0, 8)
((21, 20), (21, 21)) : (9, 9)
((13, 12), (14, 12)) : (1, 8)
((24, 19), (25, 19)) : (2, 4)
((23, 21), (24, 21)) : (4, 7)
((28, 3), (29, 3)) : (0, 0)
((3, 19), (4, 19)) : (5, 6)
((10, 10), (11, 10)) : (1, 9)
((15, 2), (15, 3)) : (2, 9)
((6, 8), (7, 8)) : (0, 9)
((1, 0), (1, 1)) : (5, 7)
((11, 16), (12, 16)) : (2, 4)
((3, 13), (3, 14)) : (2, 8)
((15, 19), (16, 19)) : (7, 9)
((22, 19), (23, 19)) : (4, 9)
((8, 1), (9, 1)) : (8, 8)
((0, 2), (0, 3)) : (5, 6)
((0, 4), (0, 5)) : (4, 6)
((19, 5), (19, 6)) : (1, 6)
((28, 0), (29, 0)) : (1, 4)
((26, 18), (26, 19)) : (3, 3)
((7, 15), (7, 16)) : (0, 7)
((15, 5), (16, 5)) : (4, 4)
((0, 14), (0, 15)) : (4, 5)
((27, 12), (27, 13)) : (1, 1)
((14, 15), (14, 16)) : (1, 5)
((4, 2), (4, 3)) : (0, 8)
((11, 17), (11, 18)) : (3, 8)
((0, 0), (0, 1)) : (5, 7)
((18, 20), (19, 20)) : (9, 9)
((18, 17), (19, 17)) : (7, 7)
((24, 12), (24, 13)) : (0, 3)
((4, 20), (4, 21)) : (5, 7)
((22, 7), (23, 7)) : (4, 4)
((10, 13), (11, 13)) : (3, 6)
((7, 17), (7, 18)) : (4, 8)
((15, 9), (16, 9)) : (3, 6)
((4, 13), (5, 13)) : (8, 9)
((26, 20), (26, 21)) : (3, 5)
((23, 5), (23, 6)) : (1, 4)
((28, 2), (29, 2)) : (0, 3)
((18, 4), (18, 5)) : (2, 9)
((26, 16), (26, 17)) : (0, 4)
((24, 10), (25, 10)) : (2, 2)
((2, 11), (3, 11)) : (5, 9)
((28, 16), (28, 17)) : (1, 4)
((18, 13), (19, 13)) : (0, 6)
((21, 15), (21, 16)) : (1, 4)
((2, 6), (3, 6)) : (3, 9)
((8, 12), (8, 13)) : (1, 6)
((22, 12), (23, 12)) : (2, 2)
((23, 0), (24, 0)) : (1, 7)
((5, 14), (5, 15)) : (3, 9)
((29, 14), (29, 15)) : (0, 1)
((20, 12), (21, 12)) : (0, 0)
((17, 18), (17, 19)) : (8, 8)
((23, 16), (23, 17)) : (0, 4)
((25, 6), (26, 6)) : (2, 3)
((25, 4), (25, 5)) : (2, 3)
((6, 11), (7, 11)) : (1, 9)
((5, 2), (5, 3)) : (0, 8)
((17, 9), (17, 10)) : (5, 6)
((3, 2), (3, 3)) : (3, 7)
((0, 11), (1, 11)) : (4, 7)
((5, 16), (5, 17)) : (0, 7)
((2, 9), (3, 9)) : (5, 8)
((6, 19), (7, 19)) : (6, 6)
((8, 2), (8, 3)) : (0, 7)
((23, 13), (23, 14)) : (1, 2)
((9, 4), (9, 5)) : (0, 5)
((6, 1), (7, 1)) : (8, 9)
((25, 15), (26, 15)) : (1, 2)
((17, 13), (17, 14)) : (2, 8)
((10, 4), (10, 5)) : (0, 6)
((19, 0), (20, 0)) : (6, 7)
((10, 9), (11, 9)) : (1, 8)
((3, 12), (4, 12)) : (6, 7)
((28, 13), (28, 14)) : (0, 2)
((8, 14), (8, 15)) : (2, 4)
((26, 9), (26, 10)) : (0, 2)
((24, 17), (24, 18)) : (1, 4)
((1, 14), (1, 15)) : (3, 6)
((6, 17), (6, 18)) : (3, 8)
((19, 3), (19, 4)) : (6, 6)
((17, 7), (17, 8)) : (4, 6)
((13, 4), (14, 4)) : (3, 4)
((3, 15), (3, 16)) : (2, 5)
((12, 1), (12, 2)) : (3, 9)
((21, 1), (21, 2)) : (6, 6)
((4, 16), (4, 17)) : (1, 6)
((1, 19), (2, 19)) : (5, 6)
((25, 13), (26, 13)) : (1, 1)
((14, 13), (14, 14)) : (5, 5)
((17, 0), (18, 0)) : (7, 8)
((12, 3), (13, 3)) : (2, 5)
((16, 20), (17, 20)) : (6, 7)
((17, 21), (18, 21)) : (8, 8)
((9, 13), (9, 14)) : (3, 3)
((22, 10), (23, 10)) : (0, 5)
((4, 10), (4, 11)) : (6, 7)
((14, 0), (15, 0)) : (8, 8)
((11, 15), (12, 15)) : (2, 5)
((22, 8), (22, 9)) : (2, 5)
((7, 4), (7, 5)) : (2, 8)
((27, 18), (27, 19)) : (2, 4)
((27, 16), (27, 17)) : (1, 5)
((10, 16), (10, 17)) : (3, 7)
((12, 7), (12, 8)) : (5, 5)
((27, 6), (27, 7)) : (1, 3)
((20, 19), (20, 20)) : (9, 9)
((4, 1), (5, 1)) : (4, 7)
((26, 3), (26, 4)) : (0, 0)
((0, 9), (1, 9)) : (5, 8)
((20, 6), (20, 7)) : (0, 5)
((4, 14), (4, 15)) : (2, 7)
((27, 4), (28, 4)) : (0, 2)
((9, 9), (9, 10)) : (4, 9)
((12, 20), (13, 20)) : (7, 9)
((0, 21), (1, 21)) : (6, 6)
((23, 8), (24, 8)) : (3, 3)
((15, 4), (16, 4)) : (2, 8)
((6, 10), (7, 10)) : (1, 9)
((14, 17), (14, 18)) : (4, 8)
((25, 17), (25, 18)) : (3, 3)
((28, 5), (28, 6)) : (0, 3)
((11, 4), (12, 4)) : (3, 4)
((28, 19), (29, 19)) : (3, 4)
((9, 15), (10, 15)) : (1, 6)
((9, 2), (9, 3)) : (0, 9)
((22, 15), (22, 16)) : (0, 4)
((12, 0), (13, 0)) : (6, 8)
((18, 12), (19, 12)) : (0, 7)
((1, 17), (1, 18)) : (4, 5)
((23, 4), (24, 4)) : (0, 3)
((18, 1), (18, 2)) : (6, 8)
((12, 13), (12, 14)) : (4, 5)
((2, 12), (2, 13)) : (6, 6)
((17, 6), (18, 6)) : (0, 5)
((2, 2), (2, 3)) : (5, 5)
((16, 11), (17, 11)) : (4, 7)
((14, 11), (15, 11)) : (2, 6)
((10, 2), (10, 3)) : (1, 9)
((4, 18), (5, 18)) : (5, 6)
((21, 18), (21, 19)) : (8, 8)
((29, 6), (29, 7)) : (1, 1)
((24, 16), (25, 16)) : (0, 0)
((21, 17), (22, 17)) : (0, 8)
((23, 20), (24, 20)) : (3, 7)
((5, 19), (5, 20)) : (5, 7)
((18, 11), (19, 11)) : (1, 7)
((20, 8), (20, 9)) : (3, 3)
((9, 8), (10, 8)) : (1, 5)
((25, 20), (25, 21)) : (3, 5)
((14, 5), (14, 6)) : (3, 4)
((13, 1), (13, 2)) : (4, 9)
((10, 20), (11, 20)) : (6, 8)
((12, 11), (13, 11)) : (2, 6)
((11, 7), (11, 8)) : (3, 7)
((9, 12), (10, 12)) : (2, 6)
((29, 20), (29, 21)) : (4, 5)
((4, 6), (4, 7)) : (4, 8)
((6, 0), (7, 0)) : (6, 9)
((24, 14), (25, 14)) : (0, 2)
((29, 10), (29, 11)) : (1, 3)
((0, 6), (1, 6)) : (3, 6)
((6, 14), (7, 14)) : (3, 9)
((5, 6), (6, 6)) : (9, 9)
((16, 2), (16, 3)) : (6, 9)
((28, 9), (28, 10)) : (0, 1)
((2, 17), (2, 18)) : (4, 6)
((6, 12), (7, 12)) : (0, 9)
((13, 7), (13, 8)) : (3, 8)
((10, 14), (11, 14)) : (3, 6)
((27, 10), (27, 11)) : (0, 0)
((8, 20), (9, 20)) : (6, 8)
((15, 10), (16, 10)) : (4, 6)
((24, 7), (25, 7)) : (0, 4)
((5, 11), (5, 12)) : (6, 8)
((17, 3), (18, 3)) : (6, 9)
((7, 21), (8, 21)) : (6, 9)
((0, 10), (1, 10)) : (4, 8)
((7, 2), (7, 3)) : (0, 7)
((6, 20), (7, 20)) : (5, 9)
((19, 15), (19, 16)) : (2, 7)
((26, 14), (27, 14)) : (0, 1)
((15, 12), (15, 13)) : (3, 8)
((0, 12), (1, 12)) : (4, 9)
((18, 18), (19, 18)) : (7, 8)
((28, 18), (29, 18)) : (4, 4)
((21, 7), (21, 8)) : (2, 4)
((3, 4), (3, 5)) : (1, 6)
((21, 4), (22, 4)) : (0, 6)
((11, 19), (12, 19)) : (7, 8)
((21, 9), (21, 10)) : (1, 1)
((27, 2), (27, 3)) : (1, 3)
((3, 0), (3, 1)) : (5, 7)
((3, 17), (3, 18)) : (5, 5)
((18, 8), (19, 8)) : (1, 8)
((19, 1), (20, 1)) : (5, 9)
((8, 11), (9, 11)) : (1, 7)
((13, 19), (14, 19)) : (8, 9)
((22, 2), (23, 2)) : (0, 9)
((25, 0), (26, 0)) : (0, 4)
((29, 8), (29, 9)) : (1, 1)
((9, 6), (9, 7)) : (3, 4)
((8, 7), (8, 8)) : (1, 5)
((16, 15), (16, 16)) : (2, 8)
((8, 4), (8, 5)) : (2, 6)
((15, 16), (15, 17)) : (1, 8)
((5, 21), (6, 21)) : (5, 9)
((7, 6), (8, 6)) : (1, 7)
((28, 11), (28, 12)) : (2, 2)
((15, 6), (16, 6)) : (4, 4)
((2, 4), (2, 5)) : (2, 6)
((24, 3), (25, 3)) : (1, 2)
((22, 3), (23, 3)) : (0, 6)
((9, 21), (10, 21)) : (7, 8)
((16, 0), (16, 1)) : (7, 7)
((6, 7), (7, 7)) : (1, 9)
((10, 6), (10, 7)) : (4, 4)
((13, 10), (14, 10)) : (2, 8)
((13, 15), (13, 16)) : (1, 5)
((17, 15), (17, 16)) : (2, 9)
((0, 13), (1, 13)) : (3, 8)
((20, 13), (20, 14)) : (0, 3)
((8, 19), (9, 19)) : (6, 9)
((1, 4), (1, 5)) : (4, 6)
((22, 18), (23, 18)) : (1, 8)
((21, 5), (21, 6)) : (1, 5)
((1, 2), (1, 3)) : (5, 5)
((16, 13), (16, 14)) : (5, 9)
((24, 2), (25, 2)) : (1, 4)
((4, 0), (5, 0)) : (6, 6)
((5, 7), (5, 8)) : (5, 8)
((22, 5), (22, 6)) : (2, 4)
((27, 20), (27, 21)) : (3, 5)
((28, 1), (29, 1)) : (1, 2)
((0, 8), (1, 8)) : (4, 9)
((0, 7), (1, 7)) : (3, 9)
((2, 14), (2, 15)) : (2, 7)
((16, 17), (17, 17)) : (7, 9)
((2, 10), (3, 10)) : (5, 9)
((25, 11), (25, 12)) : (0, 3)
((27, 0), (27, 1)) : (0, 2)
((4, 8), (4, 9)) : (9, 9)
((20, 10), (20, 11)) : (0, 1)
((17, 1), (17, 2)) : (7, 7)
((11, 5), (12, 5)) : (3, 5)
((14, 20), (15, 20)) : (7, 9)
((6, 15), (6, 16)) : (1, 6)
((23, 11), (24, 11)) : (0, 4)
((21, 13), (21, 14)) : (2, 3)
((20, 4), (20, 5)) : (4, 5)
((21, 0), (22, 0)) : (6, 9)
((19, 2), (20, 2)) : (5, 8)
((26, 1), (26, 2)) : (1, 3)
((8, 9), (8, 10)) : (1, 7)
((6, 13), (7, 13)) : (0, 9)
((14, 1), (15, 1)) : (7, 8)
((0, 16), (0, 17)) : (5, 5)
((6, 4), (6, 5)) : (1, 8)
((8, 0), (9, 0)) : (7, 7)
((9, 16), (9, 17)) : (2, 7)
((28, 20), (28, 21)) : (3, 5)
((29, 16), (29, 17)) : (0, 5)
((18, 9), (19, 9)) : (2, 6)
((13, 21), (14, 21)) : (8, 9)
((15, 21), (16, 21)) : (9, 9)
((16, 12), (17, 12)) : (4, 9)
((29, 12), (29, 13)) : (2, 3)
((8, 16), (8, 17)) : (1, 7)
((20, 3), (21, 3)) : (4, 8)
((23, 9), (24, 9)) : (3, 3)
((28, 7), (28, 8)) : (0, 0)
((3, 20), (3, 21)) : (5, 7)
((3, 7), (3, 8)) : (5, 8)
((27, 15), (28, 15)) : (2, 3)
((11, 21), (12, 21)) : (6, 7)
((23, 15), (24, 15)) : (1, 2)
((11, 6), (12, 6)) : (3, 6)
((13, 5), (13, 6)) : (3, 4)
((10, 0), (11, 0)) : (7, 9)
((29, 4), (29, 5)) : (0, 1)
((18, 19), (19, 19)) : (8, 9)
((18, 15), (18, 16)) : (2, 9)
((11, 12), (12, 12)) : (4, 5)
((26, 11), (26, 12)) : (2, 2)
((8, 18), (9, 18)) : (6, 7)
((15, 18), (16, 18)) : (8, 9)
((1, 16), (2, 16)) : (3, 5)
((18, 14), (19, 14)) : (2, 2)
((21, 11), (22, 11)) : (1, 2)
((26, 7), (26, 8)) : (0, 1)
((6, 9), (7, 9)) : (0, 9)
((24, 1), (25, 1)) : (1, 3)
((18, 7), (19, 7)) : (0, 6)
((15, 7), (16, 7)) : (2, 7)
((14, 2), (14, 3)) : (3, 8)
((14, 7), (14, 8)) : (2, 5)
((22, 1), (23, 1)) : (2, 9)
((20, 17), (20, 18)) : (7, 7)
((10, 18), (10, 19)) : (8, 8)
((22, 20), (22, 21)) : (7, 9)
((13, 17), (13, 18)) : (3, 9)
((17, 4), (17, 5)) : (2, 9)
((5, 4), (5, 5)) : (0, 8)
((12, 9), (12, 10)) : (4, 4)
((15, 8), (16, 8)) : (2, 5)
((26, 5), (27, 5)) : (2, 3)
