(4, 0) (5, 0) 
(24, 16) (25, 16) 
(28, 3) (29, 3) 
(3, 20) (3, 21) 
(18, 20) (19, 20) 
(4, 4) (4, 5) 
(0, 6) (1, 6) 
(1, 19) (2, 19) 
(9, 2) (9, 3) 
(11, 6) (12, 6) 
(4, 6) (4, 7) 
(24, 2) (25, 2) 
(28, 7) (28, 8) 
(4, 1) (5, 1) 
(4, 18) (5, 18) 
(26, 3) (26, 4) 
(17, 9) (17, 10) 
(4, 8) (4, 9) 
(20, 15) (20, 16) 
(13, 9) (14, 9) 
(6, 2) (6, 3) 
(5, 6) (6, 6) 
(2, 0) (2, 1) 
(2, 7) (2, 8) 
(20, 12) (21, 12) 
(21, 5) (21, 6) 
(22, 8) (22, 9) 
(12, 17) (12, 18) 
(2, 17) (2, 18) 
(20, 19) (20, 20) 
(27, 10) (27, 11) 
(21, 20) (21, 21) 
(15, 2) (15, 3) 
(15, 7) (16, 7) 
(15, 21) (16, 21) 
(13, 5) (13, 6) 
(0, 12) (1, 12) 
(13, 21) (14, 21) 
(3, 2) (3, 3) 
(29, 4) (29, 5) 
(6, 9) (7, 9) 
(0, 4) (0, 5) 
(2, 10) (3, 10) 
(28, 9) (28, 10) 
(4, 13) (5, 13) 
(6, 12) (7, 12) 
(7, 15) (7, 16) 
(18, 11) (19, 11) 
(6, 7) (7, 7) 
(0, 14) (0, 15) 
(27, 16) (27, 17) 
(8, 4) (8, 5) 
(26, 14) (27, 14) 
(23, 16) (23, 17) 
(2, 11) (3, 11) 
(8, 7) (8, 8) 
(6, 1) (7, 1) 
(0, 0) (0, 1) 
(15, 18) (16, 18) 
(22, 2) (23, 2) 
(18, 19) (19, 19) 
(15, 9) (16, 9) 
(15, 16) (15, 17) 
(10, 6) (10, 7) 
(13, 19) (14, 19) 
(5, 7) (5, 8) 
(6, 10) (7, 10) 
(8, 1) (9, 1) 
(26, 16) (26, 17) 
(27, 12) (27, 13) 
(0, 20) (1, 20) 
(17, 18) (17, 19) 
(8, 11) (9, 11) 
(26, 20) (26, 21) 
(29, 8) (29, 9) 
(7, 2) (7, 3) 
(0, 21) (1, 21) 
(10, 18) (10, 19) 
(28, 0) (29, 0) 
(12, 7) (12, 8) 
(22, 19) (23, 19) 
(21, 9) (21, 10) 
(29, 6) (29, 7) 
(16, 12) (17, 12) 
(14, 15) (14, 16) 
(5, 21) (6, 21) 
(1, 0) (1, 1) 
(27, 8) (27, 9) 
(14, 17) (14, 18) 
(12, 9) (12, 10) 
(17, 3) (18, 3) 
(22, 1) (23, 1) 
(25, 13) (26, 13) 
(16, 11) (17, 11) 
(8, 16) (8, 17) 
(13, 12) (14, 12) 
(16, 13) (16, 14) 
(23, 8) (24, 8) 
(6, 19) (7, 19) 
(18, 15) (18, 16) 
(14, 13) (14, 14) 
(6, 4) (6, 5) 
(2, 14) (2, 15) 
(21, 18) (21, 19) 
(18, 8) (19, 8) 
(10, 16) (10, 17) 
(11, 12) (12, 12) 
(20, 10) (20, 11) 
(14, 0) (15, 0) 
(17, 21) (18, 21) 
(20, 3) (21, 3) 
(26, 18) (26, 19) 
(3, 0) (3, 1) 
(10, 9) (11, 9) 
(27, 18) (27, 19) 
(14, 11) (15, 11) 
(16, 15) (16, 16) 
(21, 4) (22, 4) 
(10, 0) (11, 0) 
(29, 14) (29, 15) 
(0, 16) (0, 17) 
(23, 20) (24, 20) 
(1, 16) (2, 16) 
(19, 21) (20, 21) 
(11, 19) (12, 19) 
(29, 20) (29, 21) 
(15, 6) (16, 6) 
(3, 7) (3, 8) 
(26, 7) (26, 8) 
(25, 15) (26, 15) 
(9, 15) (10, 15) 
(8, 14) (8, 15) 
(2, 2) (2, 3) 
(23, 0) (24, 0) 
(11, 16) (12, 16) 
(28, 1) (29, 1) 
(10, 11) (11, 11) 
(6, 15) (6, 16) 
(10, 2) (10, 3) 
(21, 11) (22, 11) 
(17, 6) (18, 6) 
(29, 16) (29, 17) 
(9, 9) (9, 10) 
(4, 2) (4, 3) 
(11, 2) (11, 3) 
(0, 8) (1, 8) 
(21, 7) (21, 8) 
(9, 8) (10, 8) 
(20, 4) (20, 5) 
(14, 5) (14, 6) 
(14, 2) (14, 3) 
(1, 2) (1, 3) 
(9, 6) (9, 7) 
(9, 21) (10, 21) 
(3, 15) (3, 16) 
(27, 0) (27, 1) 
(18, 18) (19, 18) 
(0, 2) (0, 3) 
(9, 12) (10, 12) 
(12, 3) (13, 3) 
(15, 5) (16, 5) 
(14, 7) (14, 8) 
(28, 20) (28, 21) 
(7, 6) (8, 6) 
(28, 13) (28, 14) 
(9, 16) (9, 17) 
(21, 1) (21, 2) 
(18, 4) (18, 5) 
(23, 13) (23, 14) 
(1, 14) (1, 15) 
(24, 3) (25, 3) 
(23, 15) (24, 15) 
(24, 14) (25, 14) 
(22, 13) (22, 14) 
(12, 11) (13, 11) 
(7, 4) (7, 5) 
(24, 7) (25, 7) 
(0, 10) (1, 10) 
(10, 14) (11, 14) 
(28, 11) (28, 12) 
(23, 5) (23, 6) 
(22, 10) (23, 10) 
(10, 4) (10, 5) 
(22, 20) (22, 21) 
(22, 3) (23, 3) 
(12, 13) (12, 14) 
(15, 14) (15, 15) 
(19, 2) (20, 2) 
(3, 17) (3, 18) 
(22, 12) (23, 12) 
(24, 5) (24, 6) 
(27, 20) (27, 21) 
(8, 0) (9, 0) 
(28, 16) (28, 17) 
(17, 15) (17, 16) 
(24, 19) (25, 19) 
(24, 10) (25, 10) 
(26, 9) (26, 10) 
(2, 9) (3, 9) 
(27, 4) (28, 4) 
(18, 17) (19, 17) 
(1, 17) (1, 18) 
(28, 19) (29, 19) 
(26, 11) (26, 12) 
(6, 8) (7, 8) 
(18, 14) (19, 14) 
(19, 15) (19, 16) 
(21, 0) (22, 0) 
(11, 15) (12, 15) 
(5, 14) (5, 15) 
(17, 0) (18, 0) 
(14, 1) (15, 1) 
(3, 13) (3, 14) 
(24, 12) (24, 13) 
(25, 11) (25, 12) 
(22, 5) (22, 6) 
(14, 20) (15, 20) 
(0, 11) (1, 11) 
(7, 17) (7, 18) 
(17, 7) (17, 8) 
(10, 13) (11, 13) 
(4, 14) (4, 15) 
(13, 13) (13, 14) 
(20, 6) (20, 7) 
(16, 17) (17, 17) 
(15, 19) (16, 19) 
(5, 2) (5, 3) 
(12, 20) (13, 20) 
(29, 10) (29, 11) 
(21, 17) (22, 17) 
(16, 2) (16, 3) 
(6, 13) (7, 13) 
(13, 15) (13, 16) 
(13, 17) (13, 18) 
(10, 1) (11, 1) 
(24, 17) (24, 18) 
(25, 8) (25, 9) 
(21, 13) (21, 14) 
(29, 12) (29, 13) 
(6, 0) (7, 0) 
(22, 7) (23, 7) 
(16, 0) (16, 1) 
(3, 19) (4, 19) 
(2, 6) (3, 6) 
(7, 21) (8, 21) 
(11, 17) (11, 18) 
(28, 2) (29, 2) 
(26, 1) (26, 2) 
(8, 19) (9, 19) 
(18, 12) (19, 12) 
(19, 3) (19, 4) 
(27, 6) (27, 7) 
(27, 15) (28, 15) 
(17, 1) (17, 2) 
(23, 4) (24, 4) 
(26, 5) (27, 5) 
(15, 8) (16, 8) 
(23, 9) (24, 9) 
(20, 17) (20, 18) 
(25, 6) (26, 6) 
(4, 16) (4, 17) 
(6, 20) (7, 20) 
(19, 1) (20, 1) 
(21, 15) (21, 16) 
(6, 17) (6, 18) 
(4, 10) (4, 11) 
(18, 13) (19, 13) 
(13, 4) (14, 4) 
(11, 21) (12, 21) 
(13, 1) (13, 2) 
(0, 18) (0, 19) 
(5, 19) (5, 20) 
(11, 7) (11, 8) 
(0, 7) (1, 7) 
(3, 4) (3, 5) 
(25, 4) (25, 5) 
(15, 10) (16, 10) 
(4, 20) (4, 21) 
(16, 20) (17, 20) 
(18, 9) (19, 9) 
(0, 13) (1, 13) 
(15, 12) (15, 13) 
(2, 12) (2, 13) 
(13, 7) (13, 8) 
(17, 13) (17, 14) 
(3, 12) (4, 12) 
(18, 7) (19, 7) 
(18, 1) (18, 2) 
(11, 4) (12, 4) 
(28, 5) (28, 6) 
(25, 0) (26, 0) 
(19, 0) (20, 0) 
(23, 11) (24, 11) 
(28, 18) (29, 18) 
(2, 20) (2, 21) 
(8, 12) (8, 13) 
(10, 10) (11, 10) 
(20, 13) (20, 14) 
(8, 18) (9, 18) 
(12, 1) (12, 2) 
(12, 0) (13, 0) 
(8, 2) (8, 3) 
(0, 9) (1, 9) 
(25, 20) (25, 21) 
(20, 8) (20, 9) 
(11, 5) (12, 5) 
(9, 13) (9, 14) 
(17, 4) (17, 5) 
(2, 4) (2, 5) 
(10, 20) (11, 20) 
(18, 10) (19, 10) 
(6, 11) (7, 11) 
(1, 4) (1, 5) 
(5, 11) (5, 12) 
(13, 10) (14, 10) 
(5, 9) (5, 10) 
(15, 4) (16, 4) 
(27, 2) (27, 3) 
(22, 15) (22, 16) 
(9, 4) (9, 5) 
(5, 4) (5, 5) 
(8, 9) (8, 10) 
(8, 20) (9, 20) 
(6, 14) (7, 14) 
(24, 1) (25, 1) 
(22, 18) (23, 18) 
(19, 5) (19, 6) 
(5, 16) (5, 17) 
(23, 21) (24, 21) 
(25, 17) (25, 18) 
