((6, 7), (6, 8)) : (2, 9)
((9, 0), (10, 0)) : (4, 4)
((22, 8), (23, 8)) : (0, 9)
((18, 0), (19, 0)) : (3, 6)
((26, 7), (27, 7)) : (3, 8)
((21, 16), (21, 17)) : (1, 2)
((21, 20), (21, 21)) : (2, 5)
((20, 0), (21, 0)) : (4, 5)
((16, 0), (17, 0)) : (1, 6)
((21, 4), (22, 4)) : (2, 6)
((29, 20), (29, 21)) : (1, 1)
((21, 18), (21, 19)) : (0, 5)
((26, 17), (27, 17)) : (1, 2)
((15, 9), (16, 9)) : (8, 9)
((16, 12), (17, 12)) : (0, 7)
((18, 7), (18, 8)) : (2, 3)
((12, 19), (13, 19)) : (5, 8)
((25, 3), (25, 4)) : (0, 1)
((11, 8), (12, 8)) : (1, 6)
((6, 19), (7, 19)) : (6, 9)
((23, 13), (24, 13)) : (0, 4)
((10, 11), (11, 11)) : (0, 8)
((28, 4), (28, 5)) : (1, 3)
((11, 6), (11, 7)) : (1, 7)
((13, 12), (13, 13)) : (3, 9)
((15, 14), (16, 14)) : (3, 5)
((28, 12), (28, 13)) : (2, 2)
((8, 13), (9, 13)) : (0, 1)
((6, 5), (7, 5)) : (3, 8)
((9, 17), (9, 18)) : (5, 5)
((17, 3), (17, 4)) : (1, 7)
((25, 20), (25, 21)) : (2, 3)
((24, 11), (25, 11)) : (3, 7)
((19, 5), (20, 5)) : (3, 4)
((14, 10), (14, 11)) : (9, 9)
((15, 2), (15, 3)) : (4, 7)
((4, 2), (5, 2)) : (6, 9)
((2, 7), (2, 8)) : (4, 9)
((4, 19), (4, 20)) : (8, 9)
((1, 7), (1, 8)) : (6, 7)
((25, 13), (26, 13)) : (2, 6)
((7, 1), (8, 1)) : (4, 6)
((24, 8), (25, 8)) : (7, 8)
((16, 3), (16, 4)) : (0, 8)
((5, 6), (5, 7)) : (1, 9)
((27, 18), (28, 18)) : (0, 3)
((8, 19), (9, 19)) : (4, 5)
((12, 14), (12, 15)) : (3, 5)
((13, 15), (13, 16)) : (3, 3)
((13, 5), (13, 6)) : (2, 5)
((15, 21), (16, 21)) : (5, 6)
((22, 17), (23, 17)) : (0, 1)
((22, 10), (22, 11)) : (2, 2)
((19, 12), (20, 12)) : (0, 1)
((1, 4), (2, 4)) : (7, 9)
((11, 19), (11, 20)) : (5, 6)
((15, 6), (15, 7)) : (1, 9)
((1, 17), (2, 17)) : (6, 8)
((9, 5), (10, 5)) : (5, 6)
((13, 3), (13, 4)) : (4, 7)
((27, 11), (28, 11)) : (0, 6)
((0, 9), (0, 10)) : (6, 7)
((0, 11), (0, 12)) : (7, 7)
((13, 14), (14, 14)) : (2, 7)
((13, 7), (13, 8)) : (0, 9)
((23, 18), (23, 19)) : (0, 4)
((28, 19), (29, 19)) : (1, 2)
((25, 9), (25, 10)) : (5, 7)
((2, 0), (3, 0)) : (6, 8)
((22, 13), (22, 14)) : (0, 2)
((11, 2), (11, 3)) : (5, 6)
((8, 2), (8, 3)) : (5, 5)
((3, 7), (3, 8)) : (6, 8)
((3, 3), (4, 3)) : (8, 9)
((16, 15), (17, 15)) : (2, 5)
((4, 10), (5, 10)) : (5, 9)
((16, 17), (16, 18)) : (2, 4)
((27, 2), (28, 2)) : (1, 1)
((10, 4), (11, 4)) : (5, 5)
((12, 12), (12, 13)) : (3, 9)
((17, 18), (18, 18)) : (2, 3)
((5, 4), (6, 4)) : (5, 8)
((21, 1), (21, 2)) : (3, 3)
((1, 12), (2, 12)) : (0, 9)
((5, 11), (5, 12)) : (4, 8)
((17, 5), (17, 6)) : (3, 6)
((0, 20), (0, 21)) : (6, 7)
((14, 6), (14, 7)) : (0, 8)
((17, 21), (18, 21)) : (3, 7)
((0, 3), (0, 4)) : (7, 7)
((14, 2), (14, 3)) : (4, 7)
((9, 21), (10, 21)) : (5, 5)
((5, 3), (6, 3)) : (4, 8)
((7, 0), (8, 0)) : (4, 6)
((12, 20), (13, 20)) : (5, 7)
((5, 14), (5, 15)) : (0, 7)
((23, 10), (24, 10)) : (0, 9)
((12, 16), (12, 17)) : (2, 7)
((20, 15), (20, 16)) : (0, 0)
((24, 19), (25, 19)) : (0, 5)
((14, 12), (14, 13)) : (4, 9)
((1, 2), (2, 2)) : (8, 8)
((20, 13), (21, 13)) : (2, 2)
((25, 14), (26, 14)) : (3, 4)
((19, 11), (20, 11)) : (1, 3)
((29, 17), (29, 18)) : (2, 2)
((18, 5), (18, 6)) : (2, 4)
((9, 1), (9, 2)) : (4, 5)
((19, 8), (19, 9)) : (2, 6)
((1, 20), (2, 20)) : (7, 9)
((20, 17), (20, 18)) : (0, 5)
((1, 13), (2, 13)) : (4, 8)
((14, 16), (15, 16)) : (1, 6)
((22, 0), (23, 0)) : (2, 6)
((26, 4), (26, 5)) : (0, 7)
((20, 8), (20, 9)) : (3, 4)
((1, 21), (2, 21)) : (7, 8)
((2, 9), (3, 9)) : (3, 9)
((27, 1), (28, 1)) : (0, 2)
((15, 4), (15, 5)) : (1, 8)
((6, 14), (6, 15)) : (0, 7)
((7, 11), (7, 12)) : (2, 9)
((0, 13), (0, 14)) : (6, 7)
((1, 6), (2, 6)) : (6, 8)
((24, 2), (24, 3)) : (2, 4)
((14, 20), (15, 20)) : (3, 8)
((16, 5), (16, 6)) : (2, 5)
((21, 14), (21, 15)) : (0, 0)
((23, 1), (24, 1)) : (2, 4)
((9, 3), (10, 3)) : (3, 6)
((4, 1), (5, 1)) : (4, 9)
((22, 20), (22, 21)) : (3, 5)
((27, 0), (28, 0)) : (1, 2)
((23, 14), (24, 14)) : (1, 3)
((18, 16), (19, 16)) : (1, 5)
((22, 6), (23, 6)) : (2, 9)
((0, 0), (1, 0)) : (6, 7)
((0, 15), (1, 15)) : (6, 6)
((17, 10), (17, 11)) : (4, 4)
((10, 12), (11, 12)) : (1, 8)
((9, 20), (10, 20)) : (6, 6)
((26, 6), (27, 6)) : (5, 8)
((29, 13), (29, 14)) : (0, 2)
((17, 17), (18, 17)) : (0, 3)
((13, 21), (14, 21)) : (5, 8)
((5, 8), (5, 9)) : (5, 9)
((3, 13), (3, 14)) : (0, 8)
((28, 7), (29, 7)) : (1, 4)
((23, 11), (23, 12)) : (2, 2)
((19, 1), (20, 1)) : (4, 5)
((26, 9), (27, 9)) : (3, 7)
((25, 5), (25, 6)) : (1, 8)
((7, 9), (8, 9)) : (6, 9)
((16, 13), (17, 13)) : (2, 4)
((1, 11), (2, 11)) : (1, 8)
((3, 1), (3, 2)) : (8, 8)
((11, 0), (12, 0)) : (3, 6)
((14, 4), (14, 5)) : (2, 8)
((4, 6), (4, 7)) : (5, 9)
((26, 0), (26, 1)) : (0, 2)
((3, 20), (3, 21)) : (8, 8)
((3, 5), (3, 6)) : (8, 8)
((0, 18), (0, 19)) : (7, 7)
((18, 4), (19, 4)) : (3, 4)
((8, 4), (9, 4)) : (4, 6)
((15, 11), (16, 11)) : (7, 9)
((23, 9), (24, 9)) : (3, 9)
((29, 0), (29, 1)) : (0, 1)
((18, 3), (19, 3)) : (2, 7)
((28, 16), (28, 17)) : (1, 2)
((24, 7), (25, 7)) : (4, 9)
((6, 11), (6, 12)) : (4, 9)
((11, 18), (12, 18)) : (5, 7)
((26, 11), (26, 12)) : (4, 6)
((16, 1), (16, 2)) : (4, 7)
((7, 7), (7, 8)) : (0, 9)
((27, 12), (27, 13)) : (0, 4)
((3, 11), (3, 12)) : (0, 7)
((18, 9), (18, 10)) : (4, 4)
((23, 4), (24, 4)) : (2, 6)
((18, 13), (19, 13)) : (0, 4)
((29, 4), (29, 5)) : (0, 0)
((9, 10), (10, 10)) : (4, 8)
((23, 21), (24, 21)) : (2, 3)
((8, 14), (8, 15)) : (0, 6)
((18, 15), (19, 15)) : (2, 6)
((16, 19), (16, 20)) : (3, 6)
((12, 11), (13, 11)) : (9, 9)
((27, 4), (27, 5)) : (1, 6)
((25, 16), (25, 17)) : (1, 5)
((17, 14), (18, 14)) : (3, 3)
((21, 10), (21, 11)) : (1, 4)
((23, 15), (24, 15)) : (0, 3)
((27, 19), (27, 20)) : (0, 5)
((21, 9), (22, 9)) : (1, 4)
((26, 16), (27, 16)) : (0, 4)
((28, 20), (28, 21)) : (1, 4)
((11, 5), (12, 5)) : (2, 8)
((7, 14), (7, 15)) : (0, 6)
((11, 1), (12, 1)) : (4, 6)
((29, 11), (29, 12)) : (1, 1)
((15, 12), (15, 13)) : (3, 9)
((14, 19), (15, 19)) : (2, 8)
((2, 10), (3, 10)) : (2, 9)
((4, 11), (4, 12)) : (2, 9)
((26, 21), (27, 21)) : (3, 4)
((28, 10), (29, 10)) : (1, 5)
((4, 8), (4, 9)) : (8, 9)
((16, 16), (17, 16)) : (0, 6)
((0, 7), (0, 8)) : (6, 7)
((9, 6), (9, 7)) : (1, 7)
((25, 15), (26, 15)) : (3, 5)
((14, 8), (14, 9)) : (9, 9)
((6, 16), (7, 16)) : (5, 5)
((4, 13), (5, 13)) : (1, 1)
((18, 11), (18, 12)) : (1, 3)
((6, 9), (6, 10)) : (7, 9)
((13, 17), (14, 17)) : (0, 7)
((8, 7), (8, 8)) : (0, 9)
((21, 5), (21, 6)) : (0, 4)
((27, 15), (28, 15)) : (0, 0)
((26, 19), (26, 20)) : (1, 4)
((19, 10), (20, 10)) : (4, 5)
((7, 18), (8, 18)) : (3, 8)
((24, 0), (25, 0)) : (3, 3)
((11, 9), (12, 9)) : (1, 9)
((3, 18), (3, 19)) : (8, 8)
((4, 16), (5, 16)) : (5, 9)
((27, 14), (28, 14)) : (0, 0)
((6, 6), (7, 6)) : (2, 8)
((4, 0), (5, 0)) : (5, 8)
((13, 0), (14, 0)) : (6, 6)
((6, 2), (7, 2)) : (4, 7)
((28, 9), (29, 9)) : (0, 3)
((7, 10), (8, 10)) : (6, 9)
((5, 17), (5, 18)) : (5, 9)
((7, 20), (8, 20)) : (4, 8)
((24, 17), (24, 18)) : (1, 4)
((1, 14), (2, 14)) : (7, 8)
((11, 21), (12, 21)) : (5, 6)
((19, 14), (20, 14)) : (1, 3)
((26, 8), (27, 8)) : (2, 7)
((28, 6), (29, 6)) : (1, 6)
((1, 5), (2, 5)) : (6, 9)
((3, 16), (3, 17)) : (8, 8)
((10, 18), (10, 19)) : (5, 6)
((0, 5), (0, 6)) : (7, 7)
((11, 10), (12, 10)) : (6, 9)
((16, 7), (17, 7)) : (3, 4)
((2, 15), (3, 15)) : (7, 9)
((6, 0), (6, 1)) : (5, 7)
((21, 3), (22, 3)) : (1, 8)
((20, 6), (20, 7)) : (3, 3)
((1, 18), (2, 18)) : (6, 8)
((19, 17), (19, 18)) : (0, 5)
((23, 16), (24, 16)) : (0, 3)
((7, 21), (8, 21)) : (5, 7)
((4, 17), (4, 18)) : (8, 9)
((20, 19), (20, 20)) : (2, 4)
((10, 8), (10, 9)) : (0, 6)
((4, 14), (4, 15)) : (1, 9)
((11, 15), (11, 16)) : (3, 5)
((5, 19), (5, 20)) : (9, 9)
((29, 15), (29, 16)) : (1, 1)
((10, 15), (10, 16)) : (2, 7)
((1, 19), (2, 19)) : (6, 8)
((18, 19), (18, 20)) : (4, 4)
((25, 18), (26, 18)) : (1, 1)
((17, 19), (17, 20)) : (1, 7)
((0, 16), (0, 17)) : (6, 6)
((12, 6), (12, 7)) : (2, 5)
((27, 3), (28, 3)) : (0, 1)
((12, 2), (13, 2)) : (5, 7)
((1, 16), (2, 16)) : (7, 7)
((25, 1), (25, 2)) : (0, 2)
((13, 1), (14, 1)) : (4, 6)
((19, 2), (20, 2)) : (0, 8)
((21, 7), (21, 8)) : (1, 5)
((7, 17), (8, 17)) : (4, 7)
((8, 5), (8, 6)) : (3, 7)
((4, 5), (5, 5)) : (8, 9)
((19, 21), (20, 21)) : (4, 4)
((14, 15), (15, 15)) : (0, 8)
((24, 12), (25, 12)) : (1, 7)
((22, 15), (22, 16)) : (0, 3)
((7, 3), (7, 4)) : (6, 6)
((4, 21), (5, 21)) : (7, 8)
((9, 14), (9, 15)) : (0, 6)
((10, 13), (10, 14)) : (0, 5)
((3, 4), (4, 4)) : (9, 9)
((15, 17), (15, 18)) : (2, 3)
((15, 8), (16, 8)) : (3, 9)
((22, 7), (23, 7)) : (2, 9)
((6, 17), (6, 18)) : (4, 9)
((10, 1), (10, 2)) : (4, 4)
((20, 3), (20, 4)) : (1, 6)
((23, 20), (24, 20)) : (3, 3)
((23, 2), (23, 3)) : (2, 7)
((9, 11), (9, 12)) : (1, 7)
((17, 8), (17, 9)) : (3, 7)
((22, 18), (22, 19)) : (1, 5)
((24, 5), (24, 6)) : (3, 8)
((8, 11), (8, 12)) : (2, 8)
((15, 0), (15, 1)) : (6, 6)
((1, 9), (1, 10)) : (5, 8)
((29, 2), (29, 3)) : (2, 2)
((26, 2), (26, 3)) : (1, 2)
((12, 3), (12, 4)) : (3, 7)
((9, 8), (9, 9)) : (1, 9)
((13, 9), (13, 10)) : (9, 9)
((17, 2), (18, 2)) : (4, 8)
((1, 3), (2, 3)) : (7, 9)
((1, 1), (2, 1)) : (7, 8)
((15, 10), (16, 10)) : (5, 9)
((10, 17), (11, 17)) : (5, 5)
((21, 12), (22, 12)) : (0, 0)
((6, 20), (6, 21)) : (7, 8)
((22, 5), (23, 5)) : (3, 6)
((26, 10), (27, 10)) : (2, 8)
((0, 1), (0, 2)) : (7, 7)
((22, 1), (22, 2)) : (2, 5)
((6, 13), (7, 13)) : (0, 2)
((19, 19), (19, 20)) : (3, 5)
((17, 1), (18, 1)) : (3, 8)
((10, 6), (10, 7)) : (1, 8)
((13, 18), (14, 18)) : (1, 9)
((11, 13), (11, 14)) : (1, 3)
((8, 16), (9, 16)) : (4, 5)
((28, 8), (29, 8)) : (1, 5)
((19, 6), (19, 7)) : (2, 3)
