(0, 0) (1, 0)
(0, 1) (0, 2)
(0, 3) (0, 4)
(0, 5) (0, 6)
(0, 8) (1, 8)
(0, 10) (1, 10)
(0, 11) (0, 12)
(0, 14) (1, 14)
(0, 16) (1, 16)
(0, 17) (0, 18)
(0, 19) (0, 20)
(1, 1) (2, 1)
(1, 3) (2, 3)
(1, 5) (2, 5)
(0, 7) (1, 7)
(0, 9) (1, 9)
(1, 11) (2, 11)
(0, 13) (1, 13)
(0, 15) (1, 15)
(1, 17) (2, 17)
(1, 19) (2, 19)
(0, 21) (1, 21)
(2, 0) (3, 0)
(1, 2) (2, 2)
(1, 4) (2, 4)
(1, 6) (2, 6)
(2, 7) (2, 8)
(2, 10) (3, 10)
(1, 12) (2, 12)
(2, 13) (2, 14)
(2, 16) (3, 16)
(1, 18) (2, 18)
(1, 20) (2, 20)
(3, 1) (3, 2)
(3, 3) (4, 3)
(3, 5) (3, 6)
(3, 7) (3, 8)
(2, 9) (3, 9)
(3, 11) (3, 12)
(3, 13) (3, 14)
(2, 15) (3, 15)
(3, 17) (4, 17)
(3, 19) (4, 19)
(2, 21) (3, 21)
(4, 0) (5, 0)
(4, 2) (5, 2)
(3, 4) (4, 4)
(4, 6) (4, 7)
(4, 8) (4, 9)
(4, 10) (5, 10)
(4, 11) (4, 12)
(4, 14) (4, 15)
(4, 16) (5, 16)
(3, 18) (4, 18)
(3, 20) (4, 20)
(4, 1) (5, 1)
(5, 3) (6, 3)
(4, 5) (5, 5)
(5, 6) (5, 7)
(5, 8) (5, 9)
(5, 11) (5, 12)
(4, 13) (5, 13)
(5, 14) (5, 15)
(5, 17) (5, 18)
(5, 19) (5, 20)
(4, 21) (5, 21)
(6, 0) (6, 1)
(6, 2) (7, 2)
(5, 4) (6, 4)
(6, 6) (7, 6)
(6, 7) (6, 8)
(6, 9) (6, 10)
(6, 11) (6, 12)
(6, 14) (6, 15)
(6, 16) (7, 16)
(6, 17) (6, 18)
(6, 20) (6, 21)
(7, 1) (8, 1)
(7, 3) (7, 4)
(6, 5) (7, 5)
(7, 7) (7, 8)
(7, 9) (8, 9)
(7, 11) (7, 12)
(6, 13) (7, 13)
(7, 14) (7, 15)
(7, 17) (8, 17)
(6, 19) (7, 19)
(7, 21) (8, 21)
(7, 0) (8, 0)
(8, 2) (8, 3)
(8, 4) (9, 4)
(8, 5) (8, 6)
(8, 7) (8, 8)
(7, 10) (8, 10)
(8, 11) (8, 12)
(8, 14) (8, 15)
(8, 16) (9, 16)
(7, 18) (8, 18)
(7, 20) (8, 20)
(9, 1) (9, 2)
(9, 3) (10, 3)
(9, 5) (10, 5)
(9, 6) (9, 7)
(9, 9) (10, 9)
(9, 11) (9, 12)
(8, 13) (9, 13)
(9, 14) (9, 15)
(9, 17) (9, 18)
(8, 19) (9, 19)
(9, 21) (10, 21)
(9, 0) (10, 0)
(10, 1) (10, 2)
(10, 4) (11, 4)
(10, 6) (10, 7)
(9, 8) (10, 8)
(9, 10) (10, 10)
(10, 12) (11, 12)
(10, 13) (10, 14)
(10, 15) (10, 16)
(10, 18) (10, 19)
(9, 20) (10, 20)
(11, 1) (12, 1)
(11, 2) (11, 3)
(11, 5) (12, 5)
(11, 6) (11, 7)
(11, 9) (12, 9)
(10, 11) (11, 11)
(11, 13) (11, 14)
(11, 15) (11, 16)
(10, 17) (11, 17)
(11, 19) (11, 20)
(11, 21) (12, 21)
(11, 0) (12, 0)
(12, 2) (13, 2)
(12, 4) (13, 4)
(12, 6) (12, 7)
(11, 8) (12, 8)
(11, 10) (12, 10)
(12, 12) (12, 13)
(12, 14) (12, 15)
(12, 16) (12, 17)
(11, 18) (12, 18)
(12, 20) (13, 20)
(13, 0) (13, 1)
(12, 3) (13, 3)
(13, 5) (13, 6)
(13, 7) (13, 8)
(13, 9) (13, 10)
(12, 11) (13, 11)
(13, 12) (13, 13)
(13, 15) (13, 16)
(13, 17) (14, 17)
(12, 19) (13, 19)
(13, 21) (14, 21)
(14, 0) (15, 0)
(14, 2) (14, 3)
(14, 4) (14, 5)
(14, 6) (14, 7)
(14, 8) (14, 9)
(14, 10) (14, 11)
(14, 12) (14, 13)
(13, 14) (14, 14)
(14, 16) (15, 16)
(13, 18) (14, 18)
(14, 20) (15, 20)
(14, 1) (15, 1)
(15, 2) (15, 3)
(15, 4) (15, 5)
(15, 6) (15, 7)
(15, 9) (16, 9)
(15, 11) (16, 11)
(15, 12) (15, 13)
(14, 15) (15, 15)
(15, 17) (15, 18)
(14, 19) (15, 19)
(15, 21) (16, 21)
(16, 0) (17, 0)
(16, 1) (16, 2)
(16, 3) (16, 4)
(16, 5) (16, 6)
(15, 8) (16, 8)
(15, 10) (16, 10)
(16, 12) (17, 12)
(15, 14) (16, 14)
(16, 16) (17, 16)
(16, 17) (16, 18)
(16, 19) (16, 20)
(17, 1) (18, 1)
(17, 3) (17, 4)
(17, 5) (17, 6)
(16, 7) (17, 7)
(17, 8) (17, 9)
(17, 10) (17, 11)
(16, 13) (17, 13)
(16, 15) (17, 15)
(17, 17) (18, 17)
(17, 19) (17, 20)
(17, 21) (18, 21)
(18, 0) (19, 0)
(17, 2) (18, 2)
(18, 3) (18, 4)
(18, 6) (19, 6)
(18, 8) (18, 9)
(18, 10) (19, 10)
(18, 11) (18, 12)
(17, 14) (18, 14)
(18, 16) (19, 16)
(17, 18) (18, 18)
(18, 19) (18, 20)
(19, 1) (20, 1)
(19, 2) (19, 3)
(18, 5) (19, 5)
(18, 7) (19, 7)
(19, 8) (19, 9)
(19, 11) (19, 12)
(18, 13) (19, 13)
(18, 15) (19, 15)
(19, 17) (19, 18)
(19, 19) (19, 20)
(19, 21) (20, 21)
(20, 0) (21, 0)
(20, 2) (20, 3)
(19, 4) (20, 4)
(20, 6) (21, 6)
(20, 8) (20, 9)
(20, 10) (20, 11)
(20, 12) (21, 12)
(19, 14) (20, 14)
(20, 15) (20, 16)
(20, 17) (20, 18)
(20, 19) (20, 20)
(21, 1) (22, 1)
(21, 3) (22, 3)
(20, 5) (21, 5)
(20, 7) (21, 7)
(21, 8) (21, 9)
(21, 10) (21, 11)
(20, 13) (21, 13)
(21, 14) (21, 15)
(21, 16) (21, 17)
(21, 18) (21, 19)
(21, 20) (21, 21)
(22, 0) (23, 0)
(21, 2) (22, 2)
(21, 4) (22, 4)
(22, 6) (23, 6)
(22, 8) (23, 8)
(22, 9) (22, 10)
(22, 12) (23, 12)
(22, 14) (23, 14)
(22, 16) (23, 16)
(22, 18) (22, 19)
(22, 20) (22, 21)
(23, 1) (24, 1)
(23, 3) (24, 3)
(22, 5) (23, 5)
(22, 7) (23, 7)
(23, 9) (24, 9)
(22, 11) (23, 11)
(22, 13) (23, 13)
(22, 15) (23, 15)
(22, 17) (23, 17)
(23, 18) (23, 19)
(23, 21) (24, 21)
(24, 0) (25, 0)
(23, 2) (24, 2)
(23, 4) (24, 4)
(24, 5) (24, 6)
(24, 8) (25, 8)
(23, 10) (24, 10)
(24, 12) (25, 12)
(24, 14) (25, 14)
(24, 16) (25, 16)
(24, 17) (24, 18)
(23, 20) (24, 20)
(25, 1) (26, 1)
(25, 3) (25, 4)
(25, 5) (25, 6)
(24, 7) (25, 7)
(25, 9) (25, 10)
(24, 11) (25, 11)
(24, 13) (25, 13)
(24, 15) (25, 15)
(25, 17) (26, 17)
(24, 19) (25, 19)
(25, 20) (25, 21)
(26, 0) (27, 0)
(25, 2) (26, 2)
(26, 4) (26, 5)
(26, 6) (27, 6)
(26, 8) (27, 8)
(26, 10) (27, 10)
(26, 11) (26, 12)
(26, 14) (27, 14)
(26, 16) (27, 16)
(25, 18) (26, 18)
(26, 19) (26, 20)
(27, 1) (28, 1)
(26, 3) (27, 3)
(27, 4) (27, 5)
(26, 7) (27, 7)
(26, 9) (27, 9)
(27, 11) (28, 11)
(26, 13) (27, 13)
(26, 15) (27, 15)
(27, 17) (28, 17)
(27, 18) (27, 19)
(26, 21) (27, 21)
(28, 0) (29, 0)
(27, 2) (28, 2)
(28, 3) (28, 4)
(28, 6) (29, 6)
(28, 8) (29, 8)
(28, 10) (29, 10)
(27, 12) (28, 12)
(28, 14) (29, 14)
(28, 16) (29, 16)
(28, 18) (28, 19)
(27, 20) (28, 20)
(29, 1) (29, 2)
(29, 3) (29, 4)
(28, 5) (29, 5)
(28, 7) (29, 7)
(28, 9) (29, 9)
(29, 11) (29, 12)
(28, 13) (29, 13)
(28, 15) (29, 15)
(29, 17) (29, 18)
(29, 19) (29, 20)
(28, 21) (29, 21)
