(7, 17) (8, 17) 
(10, 4) (11, 4) 
(3, 20) (3, 21) 
(1, 11) (2, 11) 
(21, 4) (22, 4) 
(6, 2) (7, 2) 
(21, 12) (22, 12) 
(27, 15) (28, 15) 
(7, 14) (7, 15) 
(17, 2) (18, 2) 
(1, 21) (2, 21) 
(4, 6) (4, 7) 
(21, 14) (21, 15) 
(4, 1) (5, 1) 
(13, 12) (13, 13) 
(28, 7) (29, 7) 
(5, 17) (5, 18) 
(18, 4) (19, 4) 
(4, 8) (4, 9) 
(20, 15) (20, 16) 
(19, 5) (20, 5) 
(16, 1) (16, 2) 
(25, 14) (26, 14) 
(3, 18) (3, 19) 
(4, 19) (4, 20) 
(19, 11) (20, 11) 
(21, 5) (21, 6) 
(27, 14) (28, 14) 
(11, 6) (11, 7) 
(7, 10) (8, 10) 
(20, 19) (20, 20) 
(21, 20) (21, 21) 
(15, 2) (15, 3) 
(25, 5) (25, 6) 
(19, 19) (19, 20) 
(0, 20) (0, 21) 
(13, 5) (13, 6) 
(27, 4) (27, 5) 
(17, 10) (17, 11) 
(7, 9) (8, 9) 
(29, 4) (29, 5) 
(1, 6) (2, 6) 
(1, 7) (1, 8) 
(2, 10) (3, 10) 
(22, 17) (23, 17) 
(19, 14) (20, 14) 
(4, 17) (4, 18) 
(23, 10) (24, 10) 
(17, 21) (18, 21) 
(12, 6) (12, 7) 
(15, 14) (16, 14) 
(23, 2) (23, 3) 
(26, 6) (27, 6) 
(6, 6) (7, 6) 
(1, 17) (2, 17) 
(10, 15) (10, 16) 
(24, 2) (24, 3) 
(13, 3) (13, 4) 
(9, 10) (10, 10) 
(25, 20) (25, 21) 
(15, 9) (16, 9) 
(20, 8) (20, 9) 
(10, 6) (10, 7) 
(8, 13) (9, 13) 
(8, 5) (8, 6) 
(7, 20) (8, 20) 
(29, 0) (29, 1) 
(22, 6) (23, 6) 
(25, 18) (26, 18) 
(6, 14) (6, 15) 
(11, 18) (12, 18) 
(2, 15) (3, 15) 
(16, 5) (16, 6) 
(19, 12) (20, 12) 
(10, 18) (10, 19) 
(17, 18) (18, 18) 
(18, 15) (19, 15) 
(0, 7) (0, 8) 
(16, 12) (17, 12) 
(16, 7) (17, 7) 
(27, 11) (28, 11) 
(7, 18) (8, 18) 
(14, 15) (15, 15) 
(12, 14) (12, 15) 
(24, 0) (25, 0) 
(10, 17) (11, 17) 
(9, 0) (10, 0) 
(0, 1) (0, 2) 
(16, 17) (16, 18) 
(1, 2) (2, 2) 
(11, 19) (11, 20) 
(27, 3) (28, 3) 
(18, 13) (19, 13) 
(25, 9) (25, 10) 
(1, 3) (2, 3) 
(4, 10) (5, 10) 
(14, 19) (15, 19) 
(25, 3) (25, 4) 
(14, 20) (15, 20) 
(25, 13) (26, 13) 
(5, 14) (5, 15) 
(18, 5) (18, 6) 
(19, 21) (20, 21) 
(14, 6) (14, 7) 
(29, 15) (29, 16) 
(19, 6) (19, 7) 
(17, 14) (18, 14) 
(12, 12) (12, 13) 
(23, 4) (24, 4) 
(15, 4) (15, 5) 
(23, 9) (24, 9) 
(7, 11) (7, 12) 
(8, 4) (9, 4) 
(7, 1) (8, 1) 
(4, 13) (5, 13) 
(23, 20) (24, 20) 
(13, 1) (14, 1) 
(24, 7) (25, 7) 
(17, 17) (18, 17) 
(15, 6) (15, 7) 
(0, 5) (0, 6) 
(27, 2) (28, 2) 
(9, 8) (9, 9) 
(29, 11) (29, 12) 
(17, 1) (18, 1) 
(6, 7) (6, 8) 
(1, 16) (2, 16) 
(15, 11) (16, 11) 
(29, 20) (29, 21) 
(3, 7) (3, 8) 
(4, 16) (5, 16) 
(8, 14) (8, 15) 
(20, 6) (20, 7) 
(11, 8) (12, 8) 
(12, 2) (13, 2) 
(26, 8) (27, 8) 
(10, 11) (11, 11) 
(9, 17) (9, 18) 
(21, 10) (21, 11) 
(3, 5) (3, 6) 
(11, 10) (12, 10) 
(7, 21) (8, 21) 
(11, 2) (11, 3) 
(1, 5) (2, 5) 
(3, 11) (3, 12) 
(3, 1) (3, 2) 
(9, 3) (10, 3) 
(22, 0) (23, 0) 
(14, 2) (14, 3) 
(25, 16) (25, 17) 
(12, 16) (12, 17) 
(9, 6) (9, 7) 
(9, 21) (10, 21) 
(26, 0) (26, 1) 
(23, 15) (24, 15) 
(13, 0) (14, 0) 
(9, 20) (10, 20) 
(18, 3) (19, 3) 
(8, 11) (8, 12) 
(19, 8) (19, 9) 
(24, 12) (25, 12) 
(28, 20) (28, 21) 
(16, 0) (17, 0) 
(28, 9) (29, 9) 
(26, 9) (27, 9) 
(15, 0) (15, 1) 
(5, 4) (6, 4) 
(10, 8) (10, 9) 
(6, 5) (7, 5) 
(18, 11) (18, 12) 
(6, 0) (6, 1) 
(22, 13) (22, 14) 
(16, 15) (17, 15) 
(12, 11) (13, 11) 
(3, 16) (3, 17) 
(28, 4) (28, 5) 
(9, 14) (9, 15) 
(1, 20) (2, 20) 
(11, 13) (11, 14) 
(25, 15) (26, 15) 
(0, 16) (0, 17) 
(22, 20) (22, 21) 
(23, 14) (24, 14) 
(16, 3) (16, 4) 
(27, 1) (28, 1) 
(21, 1) (21, 2) 
(19, 2) (20, 2) 
(13, 14) (14, 14) 
(12, 3) (12, 4) 
(4, 21) (5, 21) 
(21, 3) (22, 3) 
(28, 16) (28, 17) 
(1, 14) (2, 14) 
(24, 19) (25, 19) 
(24, 11) (25, 11) 
(27, 19) (27, 20) 
(17, 3) (17, 4) 
(2, 9) (3, 9) 
(13, 9) (13, 10) 
(26, 11) (26, 12) 
(0, 0) (1, 0) 
(19, 1) (20, 1) 
(22, 1) (22, 2) 
(16, 16) (17, 16) 
(7, 3) (7, 4) 
(23, 18) (23, 19) 
(26, 4) (26, 5) 
(23, 21) (24, 21) 
(10, 13) (10, 14) 
(1, 18) (2, 18) 
(9, 5) (10, 5) 
(17, 8) (17, 9) 
(23, 13) (24, 13) 
(1, 19) (2, 19) 
(4, 14) (4, 15) 
(2, 7) (2, 8) 
(7, 7) (7, 8) 
(12, 20) (13, 20) 
(26, 16) (27, 16) 
(15, 21) (16, 21) 
(18, 7) (18, 8) 
(18, 9) (18, 10) 
(27, 12) (27, 13) 
(6, 13) (7, 13) 
(13, 15) (13, 16) 
(25, 1) (25, 2) 
(29, 13) (29, 14) 
(4, 5) (5, 5) 
(21, 9) (22, 9) 
(24, 17) (24, 18) 
(6, 16) (7, 16) 
(22, 7) (23, 7) 
(26, 19) (26, 20) 
(3, 3) (4, 3) 
(21, 16) (21, 17) 
(11, 0) (12, 0) 
(13, 17) (14, 17) 
(3, 13) (3, 14) 
(12, 19) (13, 19) 
(28, 6) (29, 6) 
(26, 2) (26, 3) 
(23, 11) (23, 12) 
(8, 19) (9, 19) 
(5, 8) (5, 9) 
(24, 5) (24, 6) 
(18, 0) (19, 0) 
(2, 0) (3, 0) 
(3, 4) (4, 4) 
(15, 8) (16, 8) 
(8, 2) (8, 3) 
(20, 17) (20, 18) 
(24, 8) (25, 8) 
(16, 19) (16, 20) 
(4, 0) (5, 0) 
(1, 13) (2, 13) 
(20, 13) (21, 13) 
(6, 17) (6, 18) 
(1, 12) (2, 12) 
(19, 17) (19, 18) 
(6, 11) (6, 12) 
(22, 18) (22, 19) 
(11, 21) (12, 21) 
(1, 9) (1, 10) 
(26, 21) (27, 21) 
(0, 18) (0, 19) 
(5, 19) (5, 20) 
(6, 20) (6, 21) 
(22, 5) (23, 5) 
(1, 1) (2, 1) 
(27, 0) (28, 0) 
(15, 10) (16, 10) 
(5, 6) (5, 7) 
(18, 19) (18, 20) 
(26, 17) (27, 17) 
(15, 12) (15, 13) 
(14, 4) (14, 5) 
(13, 7) (13, 8) 
(23, 1) (24, 1) 
(17, 19) (17, 20) 
(9, 1) (9, 2) 
(29, 17) (29, 18) 
(28, 19) (29, 19) 
(28, 8) (29, 8) 
(4, 11) (4, 12) 
(26, 10) (27, 10) 
(11, 15) (11, 16) 
(28, 10) (29, 10) 
(11, 1) (12, 1) 
(26, 7) (27, 7) 
(9, 11) (9, 12) 
(18, 16) (19, 16) 
(14, 8) (14, 9) 
(29, 2) (29, 3) 
(21, 7) (21, 8) 
(28, 12) (28, 13) 
(0, 9) (0, 10) 
(10, 12) (11, 12) 
(13, 21) (14, 21) 
(14, 10) (14, 11) 
(4, 2) (5, 2) 
(22, 8) (23, 8) 
(0, 3) (0, 4) 
(11, 5) (12, 5) 
(0, 11) (0, 12) 
(22, 10) (22, 11) 
(21, 18) (21, 19) 
(14, 12) (14, 13) 
(13, 18) (14, 18) 
(7, 0) (8, 0) 
(6, 19) (7, 19) 
(6, 9) (6, 10) 
(5, 3) (6, 3) 
(0, 13) (0, 14) 
(20, 3) (20, 4) 
(23, 16) (24, 16) 
(8, 7) (8, 8) 
(22, 15) (22, 16) 
(16, 13) (17, 13) 
(5, 11) (5, 12) 
(14, 16) (15, 16) 
(11, 9) (12, 9) 
(10, 1) (10, 2) 
(27, 18) (28, 18) 
(15, 17) (15, 18) 
(19, 10) (20, 10) 
(1, 4) (2, 4) 
(8, 16) (9, 16) 
(0, 15) (1, 15) 
(17, 5) (17, 6) 
(20, 0) (21, 0) 
